0 2
0 4
0 7
0 8
0 12
0 13
0 14
0 16
0 18
0 19
0 20
0 23
0 27
0 32
0 41
0 42
0 45
0 47
0 48
0 50
0 56
0 59
0 64
0 68
0 71
0 72
0 75
0 76
0 77
0 87
0 95
0 104
0 109
0 110
0 113
0 119
0 120
0 127
0 136
0 137
0 138
0 140
0 147
0 148
0 152
0 153
0 154
0 156
0 167
0 169
0 185
0 191
0 198
0 203
0 228
0 229
0 236
0 293
0 299
0 327
0 332
0 338
0 339
0 346
0 347
0 353
0 357
0 364
0 392
0 395
0 413
0 423
0 440
0 444
0 451
0 456
0 458
0 487
0 501
0 502
0 507
0 508
0 509
0 516
1 2
1 5
1 7
1 8
1 9
1 12
1 14
1 15
1 17
1 18
1 19
1 23
1 31
1 34
1 35
1 40
1 43
1 45
1 52
1 53
1 57
1 60
1 63
1 71
1 75
1 79
1 86
1 98
1 100
1 116
1 117
1 124
1 127
1 128
1 136
1 144
1 146
1 159
1 165
1 173
1 176
1 177
1 181
1 182
1 183
1 192
1 201
1 208
1 210
1 218
1 219
1 227
1 230
1 231
1 239
1 244
1 255
1 257
1 258
1 259
1 266
1 267
1 294
1 295
1 298
1 302
1 303
1 306
1 307
1 311
1 315
1 316
1 319
1 320
1 321
1 322
1 323
1 330
1 331
1 336
1 342
1 344
1 345
1 348
1 386
1 389
1 390
1 393
1 396
1 397
1 406
1 408
1 423
1 437
1 452
1 453
1 462
1 463
1 490
1 498
2 3
2 5
2 7
2 10
2 19
2 21
2 46
2 56
2 74
2 128
2 180
2 227
2 365
2 375
2 383
3 8
3 64
3 78
3 96
3 97
3 139
3 241
3 250
4 5
4 8
4 23
4 63
4 64
4 78
4 84
4 92
4 96
4 97
4 154
4 156
4 241
4 250
4 252
4 255
4 356
4 366
4 496
5 10
5 13
5 21
5 24
5 46
5 56
5 74
5 115
5 128
5 155
5 176
5 262
5 336
5 338
5 365
5 375
5 383
5 427
5 499
5 508
6 483
7 8
7 13
7 14
7 19
7 23
7 25
7 26
7 27
7 32
7 35
7 40
7 41
7 46
7 53
7 65
7 68
7 70
7 71
7 75
7 82
7 88
7 103
7 105
7 114
7 117
7 121
7 122
7 127
7 129
7 135
7 136
7 138
7 142
7 148
7 151
7 152
7 155
7 162
7 163
7 165
7 166
7 167
7 185
7 190
7 215
7 218
7 219
7 221
7 224
7 230
7 233
7 239
7 241
7 259
7 264
7 265
7 267
7 300
7 343
7 348
7 385
7 388
7 396
7 440
7 446
7 452
7 497
8 9
8 12
8 13
8 14
8 19
8 23
8 27
8 32
8 33
8 34
8 35
8 40
8 41
8 43
8 46
8 51
8 52
8 53
8 56
8 60
8 68
8 71
8 72
8 75
8 85
8 88
8 93
8 95
8 99
8 121
8 124
8 127
8 128
8 129
8 130
8 136
8 137
8 141
8 162
8 164
8 166
8 168
8 175
8 180
8 184
8 209
8 212
8 215
8 218
8 233
8 238
8 239
8 241
8 249
8 257
8 259
8 316
8 336
8 340
8 343
8 348
8 385
8 388
8 396
8 405
8 408
8 427
8 446
8 451
8 452
8 503
9 12
9 19
9 22
9 29
9 31
9 32
9 36
9 39
9 62
9 67
9 100
9 125
9 170
9 187
9 189
9 194
9 195
9 196
9 202
9 216
9 230
9 240
9 318
9 328
9 335
9 407
9 511
9 523
10 21
10 28
10 34
10 57
10 78
10 91
10 97
10 133
10 156
10 351
10 370
10 412
11 475
12 13
12 21
12 23
12 29
12 30
12 32
12 34
12 35
12 36
12 38
12 43
12 44
12 45
12 46
12 47
12 48
12 51
12 53
12 54
12 55
12 58
12 66
12 72
12 79
12 80
12 81
12 84
12 86
12 89
12 95
12 96
12 98
12 101
12 111
12 112
12 116
12 130
12 134
12 137
12 146
12 157
12 160
12 172
12 174
12 179
12 180
12 181
12 182
12 183
12 214
12 223
12 227
12 246
12 257
12 260
12 272
12 273
12 274
12 275
12 276
12 277
12 278
12 279
12 280
12 281
12 282
12 283
12 284
12 285
12 286
12 287
12 288
12 289
12 290
12 351
12 367
12 370
12 391
12 398
12 405
12 409
12 412
12 493
12 496
13 19
13 45
13 98
13 99
13 119
13 129
13 191
13 366
13 461
14 33
14 35
14 53
14 71
14 148
14 155
14 185
14 267
14 394
14 448
15 43
15 92
15 167
15 268
16 416
17 135
18 20
18 51
18 59
18 226
18 248
18 296
18 341
18 369
18 371
18 372
18 404
18 430
18 432
18 435
18 471
18 473
18 507
19 21
19 23
19 29
19 32
19 36
19 38
19 44
19 46
19 47
19 51
19 54
19 55
19 58
19 66
19 77
19 79
19 80
19 81
19 89
19 95
19 96
19 98
19 111
19 112
19 119
19 134
19 157
19 172
19 223
19 227
19 272
19 273
19 274
19 275
19 276
19 277
19 278
19 279
19 280
19 281
19 282
19 283
19 284
19 285
19 286
19 287
19 288
19 289
19 290
19 391
19 405
19 450
19 474
20 48
20 89
20 95
20 198
20 225
20 304
20 347
20 403
20 429
20 431
20 434
20 436
20 506
20 519
21 28
21 52
21 97
21 139
21 245
21 380
21 454
21 499
22 124
22 232
22 312
22 338
22 402
22 480
22 484
22 486
23 24
23 38
23 46
23 53
23 55
23 56
23 58
23 60
23 121
23 173
23 227
23 321
23 336
23 348
23 452
23 453
23 455
23 462
23 490
24 28
24 107
24 149
24 237
24 256
24 414
24 415
24 454
25 63
25 70
25 117
25 199
25 210
26 124
27 28
27 34
27 35
27 116
27 148
27 155
27 163
27 185
28 38
28 52
28 70
29 47
29 68
29 263
29 302
29 418
29 419
30 86
30 146
30 181
30 182
30 214
31 157
31 174
32 88
32 231
32 259
32 325
32 338
33 383
33 447
33 449
34 35
34 40
34 52
34 71
34 235
35 45
35 53
35 75
35 116
36 294
36 312
37 245
37 454
38 98
38 320
38 463
39 352
40 53
40 57
40 64
40 75
40 83
40 86
40 106
40 143
40 146
40 150
40 181
40 182
40 183
40 185
40 206
40 360
40 399
40 421
40 466
40 498
41 127
41 390
41 500
42 301
43 138
44 298
45 46
45 53
45 75
45 143
45 497
46 159
47 92
47 306
47 437
48 362
48 371
48 372
48 379
49 77
49 78
49 520
50 249
50 301
50 329
51 303
52 57
52 203
52 383
53 71
54 345
55 107
55 344
56 63
56 64
56 78
56 84
56 96
56 139
56 154
56 156
56 176
56 241
56 250
56 252
56 255
56 496
57 60
57 63
57 70
57 71
57 144
57 159
57 244
57 319
58 256
58 315
59 213
59 506
60 63
60 65
60 86
60 126
60 145
60 159
60 160
61 199
61 309
62 491
62 522
63 86
63 262
64 74
64 211
64 261
64 329
64 363
65 70
65 117
65 199
65 243
65 408
66 149
66 237
66 330
67 316
67 510
68 92
68 127
68 167
68 268
68 303
68 490
69 210
70 103
70 148
70 152
70 185
70 221
70 224
71 72
71 79
71 86
71 146
71 148
71 158
71 181
71 182
71 183
71 384
71 389
71 393
71 397
72 148
72 188
72 253
73 361
73 442
74 78
74 160
74 178
74 243
74 409
74 485
75 155
75 219
76 211
77 78
77 79
77 115
77 200
77 253
77 410
77 515
78 126
78 128
78 145
78 160
78 213
78 380
78 409
78 499
79 93
79 257
79 385
80 386
81 295
82 177
83 464
83 465
84 379
84 381
84 441
84 493
84 508
85 147
86 117
86 144
86 159
86 244
86 319
87 377
88 239
89 248
89 322
90 161
90 199
91 378
92 166
92 176
93 130
93 169
94 269
94 313
95 108
95 119
95 191
96 311
96 365
98 342
99 137
99 332
100 134
101 433
101 521
102 150
102 206
103 117
103 144
103 199
104 238
105 316
106 422
108 327
109 270
110 456
111 307
112 323
113 261
114 128
114 203
115 126
115 156
117 148
117 152
117 154
117 162
117 185
117 221
117 224
118 199
118 324
119 147
119 175
120 166
121 218
122 255
123 485
125 352
125 387
125 457
125 459
125 476
125 477
125 478
126 408
126 410
126 520
127 176
127 337
127 452
128 251
129 167
129 219
129 229
130 153
130 169
131 199
131 411
132 199
132 317
133 378
137 257
137 440
140 456
141 147
141 413
142 210
143 174
143 363
144 205
144 368
145 178
145 408
146 163
147 175
148 163
148 165
148 175
148 219
148 267
149 186
149 197
150 382
151 201
152 159
152 199
152 458
153 164
153 212
154 155
154 163
154 219
154 267
154 326
154 373
155 353
155 364
156 262
158 394
158 445
158 448
159 368
161 368
162 191
163 185
165 166
165 182
165 185
166 167
166 268
167 183
167 267
168 293
169 175
170 402
171 199
171 207
172 331
173 233
174 196
174 216
175 292
175 293
175 332
175 355
175 440
176 343
179 493
180 332
181 219
183 267
184 292
185 219
185 267
186 415
187 486
187 491
188 212
189 484
190 208
191 212
191 413
193 243
194 378
194 400
194 401
195 419
197 414
198 369
198 377
199 224
199 271
199 291
199 368
199 468
199 505
202 378
204 439
207 368
209 293
210 255
210 368
210 408
212 413
215 396
217 242
217 472
218 259
218 396
220 517
221 319
222 420
223 315
224 244
225 341
226 436
227 257
228 340
230 246
231 272
232 328
234 368
234 505
236 310
239 389
239 393
239 397
240 400
241 259
241 383
243 368
244 368
247 263
250 375
252 336
254 354
255 262
255 408
257 440
258 264
260 521
265 266
269 472
270 516
271 470
273 298
274 342
274 463
275 320
276 330
277 462
278 321
279 302
280 322
281 331
282 295
283 294
284 303
284 406
285 344
286 311
287 306
288 323
289 345
290 307
291 479
296 519
297 518
299 308
299 508
300 408
303 337
304 471
305 438
308 502
309 368
313 472
314 359
314 504
317 368
318 401
324 368
325 444
326 364
333 428
333 481
334 483
335 480
338 366
339 376
346 362
349 467
350 358
351 436
351 519
353 373
356 427
357 416
359 374
360 382
361 443
367 385
368 411
368 469
368 470
368 479
370 433
370 436
374 504
381 493
384 387
384 392
384 457
385 390
386 391
388 393
389 394
389 446
393 445
394 447
395 451
396 397
397 448
398 451
399 464
403 404
405 406
405 423
407 418
408 409
410 514
410 520
412 519
417 475
420 492
421 422
423 424
423 426
424 425
425 426
425 494
426 495
428 482
429 430
431 432
434 435
436 473
439 492
441 493
442 443
448 449
450 475
452 453
454 455
459 476
460 476
460 478
461 509
465 466
468 469
474 475
476 477
481 482
487 503
488 512
489 513
494 495
496 497
496 499
497 498
498 502
500 501
502 508
506 507
510 511
514 515
522 523
